$ 1 0.000005 16.817414165184545 55 7 50 5e-11
w 112 192 112 224 0
w 112 224 176 224 0
c 112 224 112 288 0 0.000001 9.764933171664849 0.001
g 112 288 112 304 0 0
w 112 64 240 64 0
R 112 64 80 64 0 0 20 19 0 0 0.5
O 352 160 416 160 0 0
165 176 96 192 96 6 0
w 240 64 304 64 0
w 352 160 304 160 0
w 112 192 160 192 0
w 160 192 176 192 0
g 272 256 272 272 0 0
r 112 128 112 176 0 10000
r 112 80 112 128 0 1000
w 112 64 112 80 0
w 112 176 112 192 0
c 192 256 192 288 0 1e-8 12.666666666666666 0.001
w 240 256 192 256 0
w 256 256 272 256 0
w 304 128 304 64 0
r 352 160 352 224 0 1000
w 352 256 352 224 0
g 352 256 352 272 0 0
g 192 288 192 304 0 0
w 176 128 112 128 0
o 21 64 0 4099 20 0.025 0 2 21 3
